1.000000000000000000e+00 0.000000000000000000e+00 0.000000000000000000e+00 0.000000000000000000e+00 0.000000000000000000e+00 0.000000000000000000e+00 0.000000000000000000e+00 0.000000000000000000e+00 0.000000000000000000e+00 0.000000000000000000e+00 0.000000000000000000e+00 0.000000000000000000e+00 0.000000000000000000e+00 0.000000000000000000e+00
5.351053286514568796e-01 4.648946713485431759e-01 0.000000000000000000e+00 0.000000000000000000e+00 0.000000000000000000e+00 0.000000000000000000e+00 0.000000000000000000e+00 0.000000000000000000e+00 0.000000000000000000e+00 0.000000000000000000e+00 0.000000000000000000e+00 0.000000000000000000e+00 0.000000000000000000e+00 0.000000000000000000e+00
3.601844520312128539e-01 3.613769077819797837e-01 2.784386401868073624e-01 0.000000000000000000e+00 0.000000000000000000e+00 0.000000000000000000e+00 0.000000000000000000e+00 0.000000000000000000e+00 0.000000000000000000e+00 0.000000000000000000e+00 0.000000000000000000e+00 0.000000000000000000e+00 0.000000000000000000e+00 0.000000000000000000e+00
2.673565969417400767e-01 3.208904335394917040e-01 1.929145130456137169e-01 2.188384564731545301e-01 0.000000000000000000e+00 0.000000000000000000e+00 0.000000000000000000e+00 0.000000000000000000e+00 0.000000000000000000e+00 0.000000000000000000e+00 0.000000000000000000e+00 0.000000000000000000e+00 0.000000000000000000e+00 0.000000000000000000e+00
2.113169031829059130e-01 2.781451049952605725e-01 1.951638384225445333e-01 1.249510156416340084e-01 1.904231377576550421e-01 0.000000000000000000e+00 0.000000000000000000e+00 0.000000000000000000e+00 0.000000000000000000e+00 0.000000000000000000e+00 0.000000000000000000e+00 0.000000000000000000e+00 0.000000000000000000e+00 0.000000000000000000e+00
1.742050732181382178e-01 2.418051121454772856e-01 1.868412300072027354e-01 1.327228867311530391e-01 9.047099059738242244e-02 1.739547073006462719e-01 0.000000000000000000e+00 0.000000000000000000e+00 0.000000000000000000e+00 0.000000000000000000e+00 0.000000000000000000e+00 0.000000000000000000e+00 0.000000000000000000e+00 0.000000000000000000e+00
1.479545259313420624e-01 2.122299260998707915e-01 1.749208766202440257e-01 1.335317343806531332e-01 9.792704026755438829e-02 7.018494925222819314e-02 1.632509474481074752e-01 0.000000000000000000e+00 0.000000000000000000e+00 0.000000000000000000e+00 0.000000000000000000e+00 0.000000000000000000e+00 0.000000000000000000e+00 0.000000000000000000e+00
1.284632745987825120e-01 1.882540411974890915e-01 1.623615183957845542e-01 1.305966463077737338e-01 1.010895443876280997e-01 7.646979056149796894e-02 5.701439978608985326e-02 1.557507847649542976e-01 0.000000000000000000e+00 0.000000000000000000e+00 0.000000000000000000e+00 0.000000000000000000e+00 0.000000000000000000e+00 0.000000000000000000e+00
1.134454240657823687e-01 1.686622474106589109e-01 1.503576534602499848e-01 1.257898686232908070e-01 1.014719906099206259e-01 8.002495000007674164e-02 6.218797065254350054e-02 4.785065988803138826e-02 1.502092352894456584e-01 0.000000000000000000e+00 0.000000000000000000e+00 0.000000000000000000e+00 0.000000000000000000e+00 0.000000000000000000e+00
1.015333768537849402e-01 1.524687816644947624e-01 1.393378255484570005e-01 1.201639583326939015e-01 1.001240253531949925e-01 8.161194975724998801e-02 6.555052641988527717e-02 5.211761139531357473e-02 4.114149407883582049e-02 1.459504505960897147e-01 0.000000000000000000e+00 0.000000000000000000e+00 0.000000000000000000e+00 0.000000000000000000e+00
9.186162064447399300e-02 1.389226144192965140e-01 1.294002169674423608e-01 1.142998090478400952e-01 9.774063174203419246e-02 8.182467447001492977e-02 6.751179252209051074e-02 5.513389497803609235e-02 4.469355831324906686e-02 3.603457338093805223e-02 1.425766135145841995e-01 0.000000000000000000e+00 0.000000000000000000e+00 0.000000000000000000e+00
8.385693861058296505e-02 1.274599645723229202e-01 1.205050014991513457e-01 1.085109115461024704e-01 9.477251242329713665e-02 8.110085108356601680e-02 6.841966686568819178e-02 5.713322256320139264e-02 4.735120257026861901e-02 3.902460799837514233e-02 3.202652047328291562e-02 1.398385997941609116e-01 0.000000000000000000e+00 0.000000000000000000e+00
7.712522802361662655e-02 1.176567580492451359e-01 1.125602416671837996e-01 1.029594946673113159e-01 9.150861602629571656e-02 7.975442759962744765e-02 6.855128739598911891e-02 5.832737606826098736e-02 4.925452182221266850e-02 4.135556734773209592e-02 3.457145351900577784e-02 2.880245344890191780e-02 1.375725743646174504e-01 0.000000000000000000e+00
7.138691847932482348e-02 1.091912557064062678e-01 1.054601484525738708e-01 9.772227295901311783e-02 8.813237929540466975e-02 7.800738612348231960e-02 6.812030189590835560e-02 5.889540727928650743e-02 5.053720353272049548e-02 4.311503672525413000e-02 3.661814906100811090e-02 3.099107452987298270e-02 2.615603412340586006e-02 1.356664318363384469e-01
